0
0
0
0
0
0
0
0
0
0
0
0
0
0
0
0
0
0
0
0
0
0
0
0
0
0
0
0
0
0
0
0
0
0
0
0
0
0
0
0
0
0
0
0
0
0
0
0
0
0
0
0
0
0
0
0
0
0
0
0
0
0
0
0
0
0
0
0
0
0
0
0
0
0
0
0
0
0
0
0
0
0
0
0
0
0
0
0
0
0
0
0
0
0
0
0
0
0
0
0
0
0
0
0
0
0
0
0
0
0
0
0
0
0
0
0
0
0
0
0
0
0
0
0
0
0
0
0
0
0
0
0
0
0
0
0
0
0
0
0
0
0.024720682877060085
0.13828053569780963
0.2966854655329172
0.4384927408416317
0.5086377595871667
0.47980127463569033
0.36303604693582514
0.20352609297722069
0.06310179329236121
0
0.03136218536884172
0.1488888623364346
0.30712303384549955
0.44476250550771823
0.5084112142876549
0.4732901513081771
0.3528800721678138
0.19374724263834509
0.05753721253521604
0
0.03775417298425765
0.15921226848623604
0.3174204597839889
0.45111707762379183
0.5084564685075179
0.467112005011991
0.34296758795177595
0.184016935096885
0.05181239909336455
0
0.04404313003797711
0.16938907911605838
0.327591265816622
0.45740545674097177
0.5085006507609364
0.46097164032358506
0.3330922857938674
0.1742917106722004
0.04605144303292974
0
0.05031023074111829
0.17953378148484234
0.33773058338853446
0.46366762883184975
0.5085214462365641
0.4548045002223162
0.32318228386110803
0.16452535492625486
0.04025129016406481
0
0.05658975598216642
0.1896967785765682
0.34788233622452935
0.4699228340065673
0.5085061977526593
0.4485718959953502
0.3131888542881427
0.15467855192747493
0.03439702755672158
0
0.0629094198080935
0.1999215865977888
0.3580884576582477
0.47619530276054434
0.5084525604282675
0.44224657954392654
0.30307125094186915
0.1447136339887507
0.028469385894574373
0
0.06929580983487682
0.21025113674623697
0.3683918548525327
0.48251218825882347
0.5083631452343482
0.43580791436964716
0.29279616422094534
0.13459991158439522
0.022453907993927658
0
0.0757720949709011
0.22072302558141388
0.37883058994344054
0.4888987396840392
0.5082431270944028
0.4292423189000374
0.2823398629777074
0.12431537240844648
0.01634056756613944
0.0002992293543258029
0.08253926190468519
0.2313625680232576
0.38924502321772536
0.4950728922600405
0.5077981842851713
0.4223584447587143
0.27168966590812715
0.1140326045893687
0.010421772712192023
0.0010562963517202206
0.08970216573190015
0.24218067891496275
0.39954898971971176
0.5008869775851394
0.5068795463659299
0.4150676115347238
0.26085450440185554
0.10385691516725615
0.004859547258668329
0.0022803869839478352
0.09726062130335578
0.25316842691584185
0.4097294827409854
0.5063305140365131
0.5054847406670078
0.4073771674746425
0.24984884220179282
0.09380400962171365
0
0.004178892982032778
0.10520289010425898
0.264098706940878
0.419430169524027
0.5110531709277168
0.5034018872744994
0.3992929443712825
0.23889229037558835
0.08422167777869305
0
0.009297093534897272
0.11347523598550424
0.2723358248855092
0.42444992200327647
0.5109125977054205
0.49815181314136225
0.39096236144162333
0.23070698281114232
0.07935783789050532
0
0.014531767502930393
0.12193436185838635
0.2807563564395963
0.4295769631914155
0.5107596428206804
0.49277243662353243
0.38243378689517016
0.22233023942099095
0.07438231211032331
0
0.019888510382507718
0.13058974702425985
0.2893701357039191
0.4348174188054301
0.510593698161351
0.4872558029516014
0.3736942586118772
0.21374870542463498
0.06928647333459992
0
0.02537560361314206
0.13945460668915644
0.2981897833866043
0.44017782395005867
0.5104120208253562
0.48159042717975353
0.3647277083635032
0.20494789412515502
0.06406321190367237
0
0.031003770990395196
0.1485462227433274
0.3072320950108889
0.4456673868476102
0.5102119650925374
0.47576204367358343
0.3555130676013789
0.19590762264783024
0.05870074946154347
0
0.036785676198135775
0.15788525990230795
0.3165185966998152
0.4513019250244241
0.5100003843129812
0.46976970897874537
0.346045810186034
0.18662441642185712
0.05319936702898076
0
0.04272430970192431
0.1674763614189203
0.32605473296729315
0.4570875201643574
0.5097837011999502
0.46361901089298385
0.3363289235655387
0.17709731289808417
0.04755434194711228
0
0.048818485552558855
0.1773175364794639
0.3358370015183567
0.4630174244748204
0.5095503667592141
0.4572936868850377
0.3263440399580375
0.16731047615932226
0.04175724715841511
0
0.055078330676607834
0.18742505000729182
0.3458814082081787
0.46910104441306544
0.5092993930573328
0.4507826611526369
0.31607424506578496
0.1572477561265373
0.03579908257386677
0
0.061514480590183496
0.19781596328427753
0.35620499664503313
0.4753496264375485
0.5090336331434955
0.44408198211221617
0.30551350634618757
0.14690620519240127
0.02968284821962186
0
0.06813239811496175
0.2084992771359353
0.36681759355609955
0.4817713867088784
0.5087581509407357
0.43719298326678313
0.2946596733385647
0.1362812743360493
0.023403479344523248
0
0.0749339043878976
0.21947822774109227
0.37772301254661755
0.48836979814095116
0.5084753038961338
0.43011637369175304
0.2835116345458175
0.12537027795406175
0.016957446011979016
0.00035847923383158786
0.08213926743434286
0.23074929374280373
0.3886945312274932
0.49478133463549057
0.5078237307273241
0.42263121152512184
0.2720733333565519
0.11440018850984757
0.010707034005804417
0.0012597294132632442
0.08985652402817124
0.2423023256981267
0.3996077545234016
0.5008158095962187
0.50662167354335
0.4146352436032359
0.2603622275309476
0.10350181406477077
0.004845952443545798
0.0027176084132349843
0.09808188450452349
0.25411712667112596
0.4104334476789333
0.5064457071949846
0.5048535065617656
0.40613054911636226
0.2483973242715578
0.09270389464733597
0
0.005114615565453562
0.10680590348606955
0.2657955493345696
0.4205390254675052
0.5110496353264793
0.502150778807831
0.3971455540538358
0.23659397411228866
0.08264846684774341
0
0.010777989340894578
0.1159481320634086
0.2748771786131954
0.42603408243275
0.5108124559094804
0.496251547733884
0.3878494077058079
0.22748932774086938
0.07725980928535847
0
0.016598075141430968
0.12534221555777236
0.28420715397605534
0.43167652302595627
0.5105634134209254
0.490184926502387
0.3782947726451056
0.21813524224679526
0.07172763672220128
0
0.022579830362090547
0.13499659532414654
0.29379449696841675
0.4374729096715697
0.5103047074403619
0.4839487028825147
0.3684767576268797
0.20852684898354568
0.06604959057115423
0
0.028727146434881945
0.14491768226703527
0.3036459881104463
0.44342837163280535
0.5100385890568475
0.47754209417716
0.35839235080129583
0.19866030519692401
0.06022252099936054
0
0.035041927764602576
0.1551085416241662
0.313764524954415
0.4495441517125016
0.509763612680068
0.4709609018423393
0.34803567051448425
0.1885299291707696
0.05424294320960854
0
0.04152763916756186
0.16557473506336606
0.3241555475859528
0.45582335412905195
0.5094792046811563
0.46420094337920403
0.3374004036736764
0.1781296305685487
0.04810729934095548
0
0.048188170647776474
0.17632253219006344
0.3348252907018221
0.46226983743417094
0.5091855065717468
0.4572588552982353
0.326481339010428
0.16745469735938912
0.04181342575549252
0
0.055027012082483395
0.18735767503093825
0.3457798493665294
0.4688882556653553
0.5088846697771245
0.4501341516502819
0.31527600561890523
0.1565018277667818
0.03535847697429517
0
0.06204571429660888
0.19868264924527068
0.3570215028840025
0.47567933360908654
0.50857481070625
0.442822145853043
0.3037778885290976
0.14526462623327774
0.028738400250645668
0
0.06924818078138628
0.21030370283769173
0.36855622568573665
0.4826461023042725
0.508254390639749
0.43531687340463066
0.2919785399892447
0.13373521058296234
0.021948844409543256
0.000052221063889135166
0.07667165209286964
0.22222858670188117
0.38035914140488813
0.48974057817824246
0.5078708733965982
0.4275816595815485
0.27987151389734777
0.12194004194827102
0.015039063469473035
0.0007156141067170552
0.08466253995510442
0.2344565725935226
0.3920823822668069
0.49640261704931277
0.5068694446528141
0.419283029635352
0.2674750799094383
0.11024305870542861
0.008578205290973528
0.002005297755474089
0.09321427224394085
0.24696193601656802
0.40369110406509634
0.5026017855733187
0.505235772906218
0.41042800000734303
0.2548144999541364
0.09867765323247824
0.0025946637124079075
0.003933563784791261
0.10231818293753747
0.2597182651625545
0.41515118018087804
0.5083092518045476
0.5029573040474844
0.40102504823082086
0.2419159422310031
0.08727751302484421
0
0.008279673172140178
0.11192939731085971
0.27087138341734374
0.4235158991138235
0.5106273824127499
0.4983096971085459
0.3911938135355726
0.23069929070338446
0.07902046150944386
0
0.014457384750421909
0.12189698356300482
0.2807646338778653
0.4294903359844895
0.5103500626188122
0.49186795498872726
0.38106717263263334
0.22080317353381673
0.07319032157682415
0
0.020799144641394207
0.13212871024531836
0.2909191149214081
0.43562103394963003
0.510062629872067
0.48525298741832046
0.3706710040652581
0.21064574123072788
0.06720869940948404
0
0.027310069983542462
0.14263301546765206
0.3013432861216714
0.44191305508626755
0.5097646854163926
0.47845910694816496
0.35999670829846053
0.20021907373602232
0.061071653760407685
0
0.033995795741056156
0.15341898518068575
0.31204621599479765
0.4483720139840486
0.5094562510983778
0.47148071322107654
0.3490351710062285
0.18951401447909433
0.05477350295615224
0
0.040862025367815136
0.16449579124474667
0.32303689704642835
0.45500310491043905
0.5091365737797275
0.46431126994865224
0.3377764935349532
0.17852104266729185
0.048308731968511154
0
0.047914851674171643
0.17587321524203503
0.33432493941945296
0.46181197280422737
0.5088051402761451
0.4569444274288941
0.32621117159474267
0.16723143510085947
0.04167297288505978
0
0.05516041106089631
0.1875611618416997
0.3459202647633859
0.46880490743430414
0.5084624436416831
0.44937496953773604
0.31433056303733764
0.1556366768707207
0.03486126156160907
0
0.06260424661060426
0.19956859349536415
0.35783187926978854
0.47598767183714585
0.5081090626568638
0.44159839212592544
0.3021270893629975
0.14372922242044694
0.027869093152496305
0
0.0702511763317375
0.2119032995693857
0.37006759008401957
0.48336520937945693
0.5077454126532643
0.4336107697493432
0.28959440199473363
0.1315030813428919
0.02069331776177563
0.00025732544754220044
0.07826293244593074
0.22456863137593075
0.38247122658602706
0.49068282477794156
0.5071176464213565
0.42525814844271537
0.27673858415481334
0.11912225123931108
0.013592298734650399
0.0012005439040692067
0.08689592480803299
0.2375490194616532
0.39476079683122123
0.4975009981317271
0.5057988812757159
0.416291803032415
0.263585733399303
0.10687782617490882
0.007009460713739202
0.0028433433969894395
0.09613843239640829
0.25081177089184337
0.4068951918326533
0.5037859943285383
0.5037756209211608
0.4067234439616527
0.2501679658359848
0.09480967278573615
0.0009768296815835242
0.005197406660919057
0.10597719734700917
0.26432374023004
0.4188340856649475
0.5095057150988254
0.5010361526718441
0.3965660002558238
0.2365175931528114
0.0829567757070322
0
0.011014810282070187
0.11633981530643922
0.27521215858382675
0.4260157765452206
0.5101783269157352
0.49491891944891364
0.3860144082617154
0.22561463092961276
0.07593116559248614
0
0.01763445323760493
0.12701769753500258
0.28580512702404803
0.4324046264820538
0.5098675412332341
0.48800929458755604
0.3751696837211682
0.21503282107966726
0.06971762796275272
0
0.024429781737389078
0.13797861849910475
0.29667831547333634
0.43896178509039174
0.5095476668490022
0.480916849853152
0.3640398102027689
0.20417483746010845
0.06334470619704291
0
0.03140437926194295
0.14922844573562344
0.30783770800045573
0.4456911332711613
0.5092190102736396
0.47363812118733506
0.3526187210752383
0.19303415795880596
0.056807787972651624
0
0.03856183859188178
0.16077297702940285
0.3192890608975745
0.4525961445044828
0.508881422320755
0.46616946154836825
0.3409008314078079
0.1816056109769093
0.050104291723783945
0
0.04590593065525894
0.1726183568222055
0.331038639031803
0.4596810153726807
0.5085357408605375
0.4585083829170955
0.3288815870907982
0.16988453904937018
0.043231361391931955
0
0.05343964181206218
0.18476945455449112
0.34309136407815544
0.4669488272376583
0.5081819591755234
0.4506516781251264
0.3165556831114813
0.15786546843764881
0.03618539932460152
0
0.06116623031696378
0.19723152811757672
0.35545240930470356
0.47440254183052133
0.5078194744027158
0.4425951527927481
0.30391668886644396
0.14554200935045003
0.02896240993118937
0
0.06908961616566245
0.21001086181320971
0.3681278384271778
0.4820453536909639
0.5074469622288547
0.43433303241776855
0.2909562431826984
0.13290620354845117
0.02155781590317929
0.00023689507629143236
0.07736007478077056
0.2231125755597816
0.38097528599305974
0.4896422912538583
0.5068277416838427
0.42571865382407026
0.2776746763118112
0.12010543045004596
0.014209015590694207
0.0012022541268024156
0.08627640178761453
0.23652632280601438
0.39367879856134635
0.49669404765204916
0.5054728352692663
0.4164633579010797
0.2640961263487327
0.10746775941563413
0.007421059805238883
0.0029091252614179552
0.09582709512585552
0.2502204620502866
0.4061989383519773
0.5031689002004498
0.5033708607131828
0.4065808796871835
0.2502544374573219
0.09503421766422093
0.001226296817598893
0.005368588285371345
0.1059975994101876
0.2641603915561248
0.4184944386551024
0.5090348948196635
0.5005115464806451
0.3960865747931024
0.23618455979349307
0.08284568905573053
0
0.011250567446879245
0.11671290299666026
0.2755513592781398
0.4261325730343515
0.5099409698574604
0.4943159620133528
0.3851782304400331
0.224788384853305
0.07538483994107992
0
0.018099217463635853
0.12775879315697125
0.2865070222510795
0.432737240558545
0.5096160228225131
0.4871700073971752
0.3739702542245311
0.21386120537148656
0.06898096205917881
0
0.02512521462009687
0.13909044552340788
0.29774561859950666
0.4395116955421585
0.5092812879383644
0.47983809953696266
0.3624722132371545
0.20265261494115805
0.062413938278801595
0
0.03233345819630529
0.15071585154957745
0.3092751754954861
0.4464609143757059
0.5089367949691663
0.47231536858613055
0.3506763056603859
0.19115497940827453
0.05567931524154801
0
0.03972888478110548
0.1626429691902942
0.3211036006036423
0.45358974611792746
0.5085825830249249
0.4645972262055196
0.3385753341125053
0.17936150351333424
0.04877347873482307
0
0.047316126798179425
0.17487928671366149
0.3332384406899678
0.4609030842825561
0.508219271627901
0.4566800466457508
0.3261630271021261
0.16726579987174262
0.041692425085301466
0
0.055099119861957035
0.18743114983792708
0.34568594779214123
0.46840451802989946
0.5078461214989503
0.44855866744143214
0.3134313826451134
0.15485978439194525
0.03443093414658449
0
0.06308271222078332
0.2003063111814356
0.35845352418454723
0.4760977563816553
0.5074610896403939
0.44022546466651136
0.3003696848220585
0.14213354502958708
0.026983655193326683
0
0.07127356166363796
0.21351549146230298
0.37155179308810204
0.48398929290911497
0.5070642382116617
0.43167436233087386
0.2869684094888285
0.12907807977914132
0.019345766908948292
0.000491278222042979
0.07997866746844551
0.22706187582885207
0.3846785197724927
0.49158859329905624
0.5061672198607354
0.42260911971940374
0.27323895956638466
0.11600856305719276
0.01201424733287837
0.0017549434786872098
0.08935860174350552
0.24092286981390743
0.39763639643397397
0.4985999970144732
0.504490728241997
0.4128753344222176
0.25921204292257727
0.10312917669293853
0.00528766491167687
0.0038040734466733284
0.099399480213755
0.25506294462599044
0.4103820383700736
0.5049891808632339
0.5020229623916137
0.4024884655290535
0.24492449413445883
0.090483886422696
0
0.007139365175476087
0.1100736320042941
0.2689360403906065
0.42206248358593257
0.5099273907099331
0.49828161541658034
0.3915007595059308
0.23094373472846286
0.07893559044672571
0
0.014077231569125104
0.1212626429373529
0.2800314659458678
0.42874723691289773
0.5095900926526795
0.49103495787390017
0.3801432445465309
0.21987751761293595
0.07245868217096074
0
0.021198762182685016
0.13274723305091385
0.2914190813319095
0.4356067123626275
0.5092416058088958
0.48359511723177206
0.36848542419268426
0.20852065220838512
0.06581403133174035
0
0.028509023216017226
0.14453599512462745
0.30310787317138477
0.44264686746330284
0.5088825466300761
0.4759571285952191
0.35651872766271
0.1968643823435201
0.05899619807389911
0
0.036013580745340334
0.1566379424210993
0.31510686958593936
0.4498733645511166
0.508513213743413
0.46811608217726075
0.34423522607770707
0.18490108409567796
0.05200099712362771
0
0.043717619627720694
0.16906145886216706
0.32742446947929693
0.457291498091827
0.5081339441131192
0.46006744153210377
0.33162744759058427
0.17262334747209707
0.044823963771179365
0
0.051625703749785146
0.18181388079831606
0.3400679704887182
0.46490575528473954
0.5077446956254974
0.45180659465660966
0.3186878665844972
0.1600234854901288
0.037460087621980165
0
0.059742347023401976
0.19490246819132295
0.3530445031670624
0.4727202531302126
0.5073448279174997
0.44332826907631784
0.30540856752175927
0.14709402850272824
0.029905305341308974
0
0.06807264983515182
0.20833545012096266
0.3663621955679517
0.4807397922127734
0.5069338657302893
0.4346268238797819
0.2917808900570549
0.13382665749361422
0.02215490989931368
0.00025548490152260683
0.07677854265225648
0.22211811584215013
0.3798674012684202
0.4887112899357433
0.5062575500841149
0.4255456976167551
0.2778070026319952
0.12038165640910847
0.01446517409455339
0.0013189638060140396
0.08619443713523367
0.23623643585993648
0.39320260105763793
0.49607224645134096
0.5047668005251893
0.4157627263558581
0.26351724725735437
0.10713059511581946
0.007404923188360613
0.0032035575996758325
0.09630405788083607
0.25065096350614624
0.4063204591383709
0.5027858337863051
0.502449651256093
0.40529552272177227
0.24895202073332
0.0941209666066598
0.0010102568086409747
0.0059198813926286675
0.10708833472637735
0.2653202734210609
0.4191732150956824
0.50881644898449
0.4992964420766839
0.39416408495611677
0.23415319263389733
0.08140022953558201
0
0.01234398524337621
0.11845974682457694
0.2772230814735508
0.4269763867406695
0.5094742816891511
0.4925358840090226
0.3825962964141425
0.22226388747770187
0.07380900112524813
0
0.01961005672217908
0.130176660627356
0.2888393618388605
0.4339710763414928
0.5091150048114201
0.4849446892979614
0.3707077164142376
0.21068937014511135
0.06704693281665186
0
0.027068134664332888
0.14220293626897984
0.30076189394535646
0.44114949878638754
0.5087451295050514
0.4771524107014926
0.3585056929570385
0.1988111096237688
0.060109275293513065
0
0.034723285136621485
0.15454683634344946
0.31299900361644006
0.448516883955584
0.5083648292714642
0.469154162931396
0.34598222805743717
0.18662113185423834
0.0529911995968817
0
0.042580572064508715
0.1672165360623623
0.3255588139506216
0.4560781591987606
0.507973936059237
0.4609447622840932
0.3331291510456751
0.174111464489215
0.04568803693536694
0
0.05064512636752028
0.1802203037068324
0.3384495006474708
0.46383818886209127
0.5075720500195189
0.45251863599987985
0.3199378343518049
0.1612737582122108
0.038194966382377515
0
0.05892238109326797
0.19356690294581114
0.351679755692345
0.47180221873887973
0.5071589407695569
0.4438701813216639
0.30639949904799835
0.14809949318362214
0.030507058664767328
0
0.0674178662795839
0.20726525384286987
0.36525843871550734
0.4799756336669887
0.5067344668833726
0.4349938314576747
0.29250535955634405
0.13458011023843142
0.02261932336883632
0.00024082490250521005
0.07628451468189468
0.22132080240648122
0.37904119478286447
0.4881202257831987
0.506059097455946
0.4257419138033782
0.27825719585824515
0.1208663880638241
0.014773120913922355
0.0013223000187423395
0.08588606302691915
0.23571938767261003
0.39264092423846364
0.4956259758549919
0.5045368447370748
0.41576432413637576
0.26368734659265414
0.10736111535510418
0.007585577477485117
0.003257305504547503
0.0962042886489769
0.25041865976883315
0.4060075487643289
0.5024545187792384
0.5021559664656721
0.40508051388787436
0.2488389084974898
0.09411427644290882
0.0010940991660888244
0.006056066338956612
0.10721818807276406
0.26537448703196986
0.41909092122568126
0.5085691742138039
0.4989075432106489
0.39371286026592855
0.23375691581171054
0.0811760777931525
0
0.012581812404896198
0.11883670311473082
0.2775727137480999
0.4271219758328044
0.5092984517091139
0.49203494407966275
0.3818948013120931
0.22157863940113032
0.07337164514877514
0
0.020008328796727426
0.1308114685091084
0.2894428446042241
0.4342668518705466
0.5089271457597633
0.48427512844668996
0.3697484938229678
0.2097598867011854
0.06647595098978343
0
0.027630554712864352
0.14310156255979933
0.30162518729571275
0.44159920196639035
0.5085454494660908
0.47631097033980296
0.35728340045706375
0.19763210482367555
0.05940151514180059
0
0.03545322047843058
0.15571472971483047
0.3141275689873382
0.4491239382403407
0.5081534693228136
0.4681377316412778
0.3444917832515202
0.18518757774736372
0.05214366589089536
0
0.04348123143216753
0.1686588962397053
0.32695788685888516
0.45684589914506546
0.507751141601581
0.4597504945224955
0.33136578688193197
0.17241855492385838
0.044697755963092334
0
0.05171950057857799
0.18194198050832
0.34012395425551034
0.464769667819418
0.5073379019415967
0.4511436123678365
0.3178967401535431
0.15931661894465776
0.03705885223311611
0
0.06017342554920191
0.19557268245810633
0.3536344006751335
0.4729004814962465
0.5069136305422788
0.44231176247848225
0.3040763033295164
0.14587374804521858
0.029222421299074597
0
0.06884828082485939
0.20955952535397415
0.36749773780278616
0.48124360469545024
0.5064783636819641
0.4332497731698268
0.28989611482739264
0.13208163717073518
0.021183438494233542
0.00041991960894449676
0.07800632031500498
0.22390486825408829
0.3814551521721228
0.4893793732414977
0.5056146351749078
0.4237048162112913
0.2753666134187256
0.11821033721540886
0.013366892367599803
0.0017079887424316098
0.08791121483060493
0.23858496157959763
0.39520427414233694
0.49684398061016566
0.5038773309416342
0.4134235819677414
0.2605250568152613
0.10457355863429996
0.006241271694293005
0.0038753754460287837
0.09854196888719002
0.2535547083114196
0.40869335105269045
0.5035990654073856
0.5012563398378873
0.40242810024668785
0.24541700972601177
0.09122264009604208
0
0.007026131430407645
0.10987263009759118
0.26866802921516353
0.4217127956029785
0.5094529440318922
0.49765247036565796
0.3907504145992391
0.230193513575351
0.0783690610491945
0
0.014416750279153234
0.12178942150756455
0.2804803337257411
0.42882260424637764
0.509083918112097
0.48993319106885025
0.37866943190143587
0.21844171804466583
0.07151759270346503
0
0.021999862066344633
0.13401599662898178
0.29259894544396303
0.43611580155385354
0.5087037135770629
0.48201224915563756
0.3662746180030325
0.2063860542815945
0.06449063496851437
0
0.029780152432081763
0.146560399380796
0.30503243384760736
0.44359834707776713
0.5083135224100701
0.4738857607133369
0.35355867223773174
0.19401877059291905
0.05728308943376703
0
0.037762351564765595
0.1594303004125166
0.317788508875104
0.4512751033110902
0.5079135851630951
0.4655493446838008
0.3405143557069792
0.1813326155902928
0.049890526809058144
0
0.045951049269405075
0.1726331240990291
0.3308745580263448
0.4591505384220156
0.507503683204817
0.45699814459434407
0.3271340288137523
0.16832011495642263
0.0423085379948418
0
0.05435102989650886
0.18617658541427318
0.34429822666710663
0.46722923501801716
0.507083500906937
0.44822698246203885
0.3134095702699753
0.15497328015084122
0.03453231817982072
0
0.0629673235531456
0.20006878311729537
0.3580675072023922
0.4755159237942479
0.5066526149198509
0.4392304056702159
0.2993325949809247
0.14128404679687634
0.026557263934883224
0
0.0718051935989692
0.21431820612414043
0.3721908236565099
0.4840156941847127
0.5062107897392565
0.43000290880920033
0.2848944138695657
0.1272438679992831
0.01837825959899675
0.0007356295709186611
0.08132024415630212
0.22892276785893984
0.38620850486255875
0.4919893822189678
0.5050264297040528
0.42010500727352706
